2.704708e-01 -5.980583e-01
-5.212893e-01 7.616503e-01
8.281868e-01 -3.904571e-01
4.577037e-01 -8.477237e-01
5.522262e-01 -3.825523e-01
-6.411937e-01 -6.403135e-01
8.675237e-01 4.685705e-01
2.408730e-01 4.730194e-01
1.743366e-02 -7.115217e-01
-8.279662e-01 -5.927932e-01
1.751459e-01 -5.815778e-01
3.723208e-01 3.501787e-01
3.648870e-01 -8.950766e-01
1.973746e-01 5.504577e-02
-2.524988e-01 -1.994474e-01
7.679048e-01 5.766420e-01
-6.064693e-01 -7.278275e-01
-8.868688e-01 -7.163833e-01
8.902477e-01 2.937716e-01
-3.054995e-01 -7.050779e-01
1.198087e-01 1.551393e-01
1.109663e-01 -2.104882e-01
-7.003264e-01 6.986168e-01
-6.710517e-01 8.595125e-01
7.390902e-02 -3.868761e-01
-7.626083e-01 -3.378136e-01
2.264187e-01 4.239694e-01
-6.195760e-01 4.051112e-01
5.921401e-01 -2.911158e-01
1.418615e-01 6.095400e-01
4.636738e-01 7.461021e-01
2.426279e-01 6.028474e-01
5.776954e-01 -8.734637e-01
1.841420e-01 5.011794e-01
4.447307e-01 3.401584e-01
-4.257991e-01 -2.005966e-01
7.577037e-01 -8.977093e-01
-2.576235e-01 3.099511e-01
-8.886400e-01 7.516453e-01
2.762082e-01 -3.627337e-01
2.912328e-01 -9.325302e-01
-9.622227e-01 3.500888e-01
4.667571e-01 -4.793575e-01
6.554542e-01 4.489559e-01
5.039581e-02 4.229351e-01
-7.989142e-01 -2.675456e-01
-3.479026e-02 -4.635405e-01
2.924836e-01 7.627062e-01
-4.716179e-01 -1.372544e-01
5.162779e-01 4.749858e-01
2.080064e-01 -8.790745e-01
-6.763486e-02 -2.392900e-01
4.124824e-01 -5.602253e-01
8.573725e-01 8.943846e-01
6.489932e-01 -9.052490e-01
-2.232675e-01 8.232320e-01
9.707733e-02 -7.558087e-01
2.189478e-01 -6.669396e-01
6.498018e-02 3.171668e-01
-8.483734e-01 -6.665944e-01
-5.099496e-01 -4.023802e-01
6.060139e-01 4.731230e-01
-1.459014e-01 6.416679e-01
-2.925915e-01 6.271846e-01
2.571860e-01 -5.465631e-01
7.202854e-01 -3.732058e-01
7.944681e-01 -7.738424e-01
5.303568e-01 6.028489e-03
-2.495671e-01 -8.833958e-01
-6.742858e-02 5.758531e-02
9.066288e-01 7.220314e-01
-2.828008e-01 -9.430956e-01
2.611235e-01 -7.068200e-01
-2.711571e-01 6.232442e-02
-2.328072e-01 -8.013533e-01
5.484523e-01 8.117628e-01
-3.517472e-01 -2.801139e-01
5.943968e-01 3.944395e-01
2.033144e-01 2.257899e-01
-9.316779e-01 4.050046e-01
9.090550e-01 8.451680e-01
7.356533e-01 1.147225e-01
-7.984315e-01 -1.402649e-01
5.598791e-02 -9.844766e-02
4.488073e-01 4.882594e-01
1.705262e-01 -7.229035e-01
-8.026525e-01 8.130605e-01
-6.191567e-01 -2.955494e-01
-8.204128e-01 -5.380282e-01
7.845768e-01 -8.619246e-01
-3.329333e-02 -1.457934e-01
-3.616455e-01 -1.354381e-01
-1.376478e-01 2.262415e-01
6.095319e-01 -6.658290e-01
3.290798e-01 -5.727342e-01
8.485541e-01 -3.593279e-01
5.891197e-01 5.978260e-01
3.155337e-01 -8.117445e-01
-8.003740e-01 2.550345e-02
-8.402370e-01 -6.315273e-01
5.071307e-02 8.965457e-01
-1.579353e-01 -4.826788e-01
2.403627e-01 1.439178e-01
1.437375e-02 -2.303639e-01
-4.607317e-01 -9.033537e-01
7.664505e-03 1.236756e-03
-8.268033e-01 -8.000513e-01
7.923235e-01 -5.172567e-01
2.376937e-01 -2.742411e-02
-4.353492e-01 6.999673e-01
3.358024e-01 -4.781449e-01
1.134117e-01 2.947088e-01
2.586349e-01 8.679520e-01
4.413614e-01 3.626350e-02
-5.283364e-01 -6.013413e-01
-1.555704e-01 -2.352302e-01
-5.011747e-01 8.849150e-01
-6.934202e-01 -1.422557e-01
-9.312642e-01 -4.810104e-02
8.835323e-01 -2.853176e-01
5.040146e-01 5.327380e-01
8.669561e-01 3.495400e-01
-2.070935e-01 -8.992969e-01
-7.480059e-01 4.049676e-01
9.012093e-01 -7.444149e-01
-5.595747e-01 1.213583e-01
5.374411e-01 -8.294079e-01
-4.810820e-01 -2.737576e-01
4.506226e-01 -6.336275e-01
4.082418e-01 9.404130e-01
-5.289521e-01 8.268010e-01
3.991700e-01 1.536442e-01
3.994867e-01 4.459584e-01
5.058008e-01 -9.973861e-02
7.131065e-01 8.942158e-01
-7.810948e-01 -2.371537e-01
3.279893e-01 -6.361942e-01
-1.321372e-01 -7.085378e-01
-1.702895e-01 3.928688e-02
4.758716e-01 6.523628e-01
4.144323e-01 -3.532544e-01
8.742358e-01 -7.870220e-02
1.413411e-01 -3.454247e-01
2.780905e-01 5.187693e-01
-4.405319e-01 -9.151389e-03
-2.996661e-01 -3.528323e-01
7.481615e-01 7.753069e-01
8.551221e-01 7.835432e-01
-4.877107e-01 4.502281e-01
-4.304593e-02 9.038653e-01
-8.318799e-01 -7.365341e-01
6.886888e-02 -2.972640e-01
-7.172921e-01 -5.055747e-01
-1.365847e-01 3.408793e-01
4.974766e-01 9.159549e-01
5.623792e-01 7.067967e-01
1.140011e-01 -8.377186e-01
8.613340e-01 2.642886e-02
7.252899e-02 6.357915e-02
-5.949533e-01 -1.185373e-01
9.429087e-01 5.455884e-01
5.542242e-01 1.372522e-01
-3.934855e-01 -6.241407e-01
6.668315e-01 6.834775e-01
-6.252594e-01 5.446489e-01
1.271330e-02 2.735427e-01
-5.235736e-01 1.894874e-01
-3.135011e-01 8.683609e-01
-4.165045e-01 4.629148e-01
9.447179e-01 1.522001e-01
-8.937253e-01 -2.805840e-01
-1.472150e-01 -1.823711e-01
3.053501e-02 9.246022e-01
2.933230e-01 -1.202089e-02
1.790910e-01 -8.067145e-01
8.630855e-01 -8.123596e-01
8.778344e-01 6.319462e-01
-7.212242e-01 9.778929e-02
6.917982e-01 -1.123492e-01
8.496343e-01 1.773266e-01
5.810615e-01 -8.109790e-01
-9.218437e-01 1.873830e-01
9.327166e-01 -4.614503e-01
-5.269552e-01 -3.643694e-02
3.722468e-01 -7.234516e-02
-8.385912e-01 -3.205638e-01
1.617963e-01 -1.010977e-01
-2.848584e-01 -4.410571e-01
-6.917145e-01 8.983525e-01
8.790500e-01 -1.408927e-01
-8.558806e-01 -2.708188e-01
7.309586e-01 -6.131129e-01
-8.907482e-01 6.307314e-01
-8.138224e-01 7.262156e-01
-2.127883e-01 -1.422701e-02
5.127079e-01 3.392380e-02
-5.624384e-01 6.717055e-01
-8.569033e-01 -4.125286e-01
9.280710e-02 -4.641307e-01
3.692260e-01 -6.984180e-01
-2.531787e-01 4.706739e-01
-8.743004e-01 -5.449709e-01
-6.944165e-01 -4.369493e-02
3.274003e-01 5.281505e-01
-8.601318e-01 2.191021e-01
9.128115e-01 -1.965176e-01
-1.717556e-02 -8.099057e-01
-8.835520e-01 -3.113061e-01
-1.211473e-01 -3.889624e-01
-8.803367e-01 -8.130218e-01
-6.447816e-01 2.086517e-01
9.208534e-01 -6.254801e-01
8.534197e-01 -5.228213e-01
-4.021701e-01 -8.157185e-01
2.592926e-01 2.220066e-01
5.028054e-01 -3.145664e-01
8.042472e-01 -3.097540e-01
-3.821777e-02 1.482006e-01
9.074354e-01 7.135880e-01
-9.202923e-01 -4.137587e-01
-2.285685e-01 -7.136767e-01
-1.453067e-01 8.058550e-01
5.898007e-01 2.107983e-02
-8.266842e-01 -4.590094e-01
6.046023e-01 5.264878e-01
8.043211e-01 9.264382e-01
-4.868578e-01 5.888332e-01
1.444602e-01 -1.764204e-02
1.913755e-01 7.869350e-01
-8.836245e-01 1.221413e-01
4.885308e-01 2.901342e-01
-7.517971e-01 4.552690e-01
9.116466e-02 4.830730e-01
8.085910e-01 8.789892e-01
5.449206e-01 7.459448e-02
3.509447e-01 2.492331e-01
5.516599e-01 4.399671e-01
-4.799118e-01 5.665861e-02
5.267358e-01 -6.613496e-01
-3.143313e-01 1.492342e-01
5.243970e-01 -7.487432e-01
4.710838e-01 -6.851226e-01
8.024776e-01 9.162119e-01
5.970883e-01 -2.184275e-01
-5.209902e-01 5.203987e-01
5.641211e-01 4.812213e-01
3.013875e-01 3.984900e-01
5.986090e-01 2.892352e-01
-3.223768e-01 2.454103e-01
7.907947e-01 6.298741e-01
7.594748e-02 7.223162e-01
-2.676656e-01 2.125343e-01
7.783142e-01 4.077772e-01
6.532832e-01 -3.585310e-01
9.212043e-01 -3.043142e-01
5.200529e-01 8.691926e-01
-6.739757e-01 8.405202e-01
1.271475e-01 2.356648e-01
1.309173e-01 8.814344e-01
-3.632887e-01 -5.255829e-01
-2.714716e-01 7.192758e-01
2.950106e-01 3.247815e-01
8.085430e-01 -2.128954e-02
-8.834343e-01 3.555288e-01
-2.504692e-01 -5.759788e-01
-5.140439e-01 3.163870e-01
2.360016e-01 -4.578948e-01
-6.512359e-01 5.497200e-02
-5.621904e-01 1.961059e-02
1.819925e-01 6.755437e-01
-1.907130e-01 1.435685e-01
5.557340e-02 8.146572e-01
-8.601559e-01 8.643816e-01
8.216290e-01 -9.670357e-02
5.408097e-01 9.348045e-01
-3.391985e-03 -3.933280e-01
-9.495716e-01 2.031969e-01
-5.418133e-02 4.829092e-01
-8.043159e-01 6.135472e-01
-1.039227e-01 -3.024424e-02
-1.949884e-01 -3.716464e-01
-4.491206e-01 -4.790046e-01
1.163283e-01 8.207391e-01
6.993280e-01 -2.646120e-01
-7.207658e-01 8.143796e-01
-3.980588e-01 7.429191e-02
8.428742e-01 6.609700e-01
6.752398e-01 -7.029789e-01
1.383828e-01 3.901966e-01
9.187156e-01 3.655622e-01
5.179708e-01 3.762135e-01
-4.415886e-01 -3.474237e-01
-3.769386e-01 5.795230e-01
-1.184201e-04 6.126147e-01
-9.226330e-01 5.258459e-02
-8.283118e-01 -2.239864e-01
-7.827735e-01 -1.893311e-01
5.704526e-01 -5.360648e-01
4.491534e-04 -3.051050e-01
4.819246e-01 -2.524731e-01
-3.978505e-01 4.223965e-01
6.621828e-01 -8.112612e-01
5.514309e-01 5.261113e-01
-5.876706e-01 8.701502e-01
-7.241521e-01 -2.145111e-01
-5.771867e-01 -4.806347e-01
-8.746847e-01 4.803796e-01
7.523103e-01 6.617104e-01
-4.354311e-01 5.224010e-01
-9.085217e-01 2.817516e-01
3.202250e-03 3.445991e-01
-8.833717e-01 -6.859422e-01
-9.229386e-01 -4.491589e-01
8.003383e-01 -3.834557e-01
-4.964236e-02 -9.190053e-01
9.483111e-01 -4.434564e-01
7.725624e-01 2.653361e-01
9.174254e-01 -3.394199e-01
8.679550e-01 -4.293556e-01
3.512301e-01 9.689797e-02
6.106924e-01 -7.465239e-01
4.202301e-01 2.730097e-01
-3.686809e-01 7.631058e-01
-8.820845e-01 -7.649111e-01
2.085683e-01 -2.252024e-01
4.924536e-01 1.189933e-01
-7.827569e-01 1.284810e-01
1.989530e-01 3.136305e-01
7.893954e-01 4.992406e-01
9.753547e-02 -6.617384e-01
-5.819106e-01 -8.294305e-01
-8.526979e-01 2.947115e-01
3.557584e-01 -2.034103e-01
6.857452e-01 3.785300e-01
-3.677112e-01 3.223479e-01
-2.363502e-01 -8.750689e-02
9.008865e-01 -4.084818e-01
4.286540e-01 -7.502235e-01
3.491446e-01 1.405668e-02
-5.101051e-01 -6.986991e-01
-4.462658e-01 8.004031e-01
-1.172563e-01 -3.343456e-01
-2.650155e-02 -5.882032e-01
-3.992825e-01 -5.141751e-02
-3.640271e-01 -4.414864e-01
-9.966462e-02 -8.503615e-01
-6.802500e-01 3.263264e-01
-7.746651e-01 -6.402913e-01
5.435859e-01 -2.849448e-01
7.001355e-01 -5.158490e-01
6.116253e-01 8.804685e-01
2.564953e-01 -1.170158e-01
9.067417e-01 5.738773e-01
8.014347e-01 6.138011e-01
-7.127173e-01 -7.613637e-01
2.757276e-01 4.119605e-02
8.652791e-01 -6.558063e-01
-7.680984e-01 2.558285e-01
4.333295e-01 5.766605e-01
-4.617708e-01 1.465144e-01
-2.333911e-01 -2.909495e-01
-7.357340e-01 -8.545408e-01
-6.405962e-01 -1.855570e-01
3.006424e-01 4.918411e-01
7.169104e-01 4.434085e-01
3.869151e-01 6.316536e-01
-8.220777e-01 -3.642275e-01
-3.202232e-01 -9.422252e-01
8.153371e-02 -9.012017e-01
9.163167e-01 8.863555e-01
4.506474e-01 3.992680e-01
6.790480e-01 5.409802e-01
-7.629120e-01 8.652599e-01
8.187761e-01 -1.923438e-01
-8.655513e-01 7.025017e-01
-2.717015e-01 -9.848148e-03
-8.021534e-01 3.793277e-01
-3.620110e-01 -3.936082e-01
2.108941e-01 -5.263215e-01
-6.808745e-01 4.311745e-01
-4.138477e-01 2.159701e-01
3.278542e-01 1.867903e-01
4.167657e-01 8.716219e-01
5.112345e-01 9.456666e-01
-1.433162e-02 8.689887e-01
8.285880e-01 -8.486652e-01
-6.067754e-01 7.880479e-01
7.444514e-01 -8.547900e-01
-9.397651e-01 3.359655e-01
7.992495e-01 7.221717e-01
6.617962e-01 -4.383190e-01
8.448889e-01 5.722652e-01
4.775776e-01 2.121996e-01
-3.835906e-02 7.394724e-01
-3.340070e-01 6.801257e-01
-3.572411e-01 4.974382e-01
6.492314e-01 8.035612e-01
-3.116893e-01 -2.634645e-02
4.725103e-01 3.531713e-01
7.785947e-01 -4.423472e-01
